2293855847,
3982056970,
4302997023,
1319888380,
1319888380,
1868620177,
1290568888,
4024721517,
2848961020,
973096818,
2782983997,
2633458834,
2633458834,
4624207366,
798879277,
493456770,
4885893771,
3850049246,
4388205685,
1050783333,
295216826,
752555301,
1534595943,
3555526403,
3033025432,
3201417128,
3709070410,
12332428,
1578724101,
1460569183,
4529707920,
1334161140,
1683803034,
540855641,
3877842403,
4300527013,
548487139,
421686615,
3203067303,
1954693883,
3042658299,
1729198299,
442206557,
421686615,
2717836773,
1812774854,
3246163872,
529823769,
354758984,
174591593,
2849824879,
2792264299,
4181488334,
3475677127,
4014623200,
3139769871,
4538080912,
3218146124,
1558682833,
1425230498,
1391175231,
3981256722,
3842400404,
4373495693,
11970975,
146080769,
4538083489,
2293855847,
2532459827,
4807730953,
4614114585,
4713448792,
4801597966,
1455175920,
3725890794,
11714538,
422018251,
3725564908,
864427153,
264239082,
2201140465,
3058698400,
4602801394,
2980809730,
1577012831,
1103634523,
3047572836,
2328671610,
1260041087,
399373698,
1729198299,
4009902402,
512177491,
1896355057,
3339351042,
4074869507,
565065033,
1184523721,
3251682695,
1729198299,
1954693883,
4968303654,
3979648750,
143848328,
1644002107,
2848961020,
1381737398,
991114342,
3709070410,
3602183347,
1049323471,
1369784449,
2431101742,
1442218932,
1610181166,
2213733139,
2906018526,
2334516063,
2852089985,
1846974143,
349651316,
385557018,
493456770,
3636664740,
2329333956,
921711528,
1946357761,
1369883101,
2633458834,
992064276,
622441568,
354758984,
3116860141,
74278515,
1264555052,
1577786606, 
3613863967,
1583485965,
69420,
1358899371
